1 easy 
240300000
000520407
000046008
610700084
009060500
730005061
100470000
302051000
000002019

2 medium 
003010008
000400030
870003020
010009605
300867002
906500040
020900074
090006000
500070100

3 hard 
170000006
006090040
300070000
000900030
094020870
030005000
000060001
080010500
500000082

4 evil 
000006009
090300108
076000402
000800005
000502000
900003000
409000830
605004090
700100000

5 easy 
002507310
080000060
000003208
004302081
801090703
730804500
409200000
060000050
013906800

6 easy 
012800060
900326741
000070200
070080000
503102804
000030010
009050000
154297003
030008490

7 easy 
060007000
508006027
207800030
192000300
085000960
006000278
020004506
470600102
000100040

8 medium 
020004000
003000204
140080503
030802000
200000006
000409050
402070081
807000600
000600070

9 evil 
400003106
006150007
000000000
020308591
009000300
315209060
000000000
500036700
904500008

10 medium 
800300600
503890400
060070030
008740000
010000070
000039100
050080090
004062801
009003006

11 hard 
002090600
609000000
480006000
008402090
300000007
070309100
000600051
000000204
007080300

12 hard 
490003800
605020000
000007600
500800000
083601790
000009008
002900000
000080305
004300089

13 hard 
100852000
620700000
003000200
016020000
800000001
000080740
001000600
000009028
000648005

14 evil 
200006050
300090002
001000000
560200400
000603000
007005028
000000800
700010003
040800009

15 evil 
040500000
500010080
001800400
087000300
010203060
004000750
002007600
050060001
000002030

16 evil 
501300002
600041500
000000000
174903080
003000700
050708413
000000000
006530004
900004207

17 easy 
250700006
000065201
630100540
109500600
500000003
006009708
063001087
902870000
700006012

18 easy 
501037090
090000006
008409001
050600087
206090503
980001040
600803400
800000060
070920108

19 easy 
030190000
400563001
002004093
305470000
708000905
000058402
970800300
500237009
000016050

20 easy 
004300890
020000017
010427003
007050030
401000605
080040700
800569070
560000040
072004900

21 medium 
050061400
060000802
000087006
134000000
200000004
000000731
800420000
501000040
009810060

22 medium 
080010570
000300080
100058023
200040005
010509060
600070008
530280004
020004000
041090030

23 medium 
206070003
050000000
900023000
003010700
581030426
002080500
000850007
000000010
100040905

24 medium 
003060904
000000070
000390100
600080003
294030758
700050009
006075000
080000000
107020800

25 evil 
900002105
005140006
000000000
030208471
007000200
214307050
000000000
400025600
709400008

26 hard 
000001650
000527900
500000003
000050096
009000700
140070000
600000009
002746000
057800000

27 evil 
400070003
032160000
000050080
009000000
207090301
000000200
070020000
000013840
900080005

28 evil 
010000080
800035040
004720000
209500000
000040000
000006305
000054700
090380001
050000060

29 easy 
045000600
910605007
067180000
700000450
000573000
081000009
000048720
800301064
002000190

30 easy  
600850300
008007900
040910085
030009008
520030067
700600030
860042090
005300200
002096003

31 medium  
000500300
020040010
600100072
000305604
800020001
403801000
260009003
070050060
001007000

32 hard  
400008000
002050030
500260000
804000020
021080640
060000807
000093006
080040900
000500002

33 hard  
060200003
000008200
370100080
006000720
400000008
093000600
010002045
008300000
900006010

34 evil  
006000470
200700080
000620900
000409208
000000000
908203000
003052000
060001003
049000100

35 medium 
000000620
106230040
900600001
200400803
090000010
708009004
600005008
020048905
045000000

36 medium 
400300000
018509020
090400803
000700206
072000540
609008000
904007080
020806170
000005002

37 hard 
003900100
007003500
000025070
000000040
070348020
010000000
040730000
001800600
005006300

38 hard 
403009000
050030400
006020030
700080100
030705060
005010007
020090600
001070040
000500809

39 evil 
206401030
013000007
000003000
005090000
308000105
000060200
000800000
900000510
070609302

40 evil 
000302090
001000020
203000058
000500400
010000080
007009000
480000705
050000900
070601000

41 easy 
045803190
070609020
000070000
300906702
009030800
406702009
000040000
080107030
097308510

42 easy 
000065030
570091060
020340008
600000900
019628470
008000006
700082050
030750049
060910000

43 easy 
010006900
900130028
800520106
025370000
000000000
000052710
703065001
190047005
008900040

44 easy 
600000020
590120468
004800000
980002350
010609080
045300076
000003700
462071035
030000009

45 medium 
005300407
003002000
100040080
320100700
600924005
008003021
060080009
000700600
904006500

46 medium 
070050290
050000600
306801000
809000710
600000004
037000806
000503109
003000040
061090070

47 hard 
000060830
000500004
503200060
040020000
200931006
000080010
050002407
800009000
012070000

48 evil 
000000001
793001002
120009000
004092000
070000060
000810400
000500043
800100576
300000000

49 easy 
006300080
000490316
301800740
003000004
687000295
400000600
058003901
139028000
060007800

50 easy 
004900017
670800000
509030004
300740100
068000790
001068005
100090306
000006081
240001500

51 evil 
081260500
000900008
000700200
200000030
040000080
050000007
004008000
600009000
009014360

52 evil 
800093600
930020000
006100000
009000082
020000010
740000900
000001400
000080061
007340008

53 hard 
005908070
700050000
400006200
903000020
020090040
010000509
002700008
000030006
090601700

54 medium 
000600000
720010008
590870000
005000040
130486059
040000200
000064032
200050016
000009000

55 easy 
007062001
000000905
028410030
830004579
000000000
972300014
050047260
703000000
200650100

56 medium 
000160400
300000007
006000200
008570004
609324108
700019300
003000600
800000009
005092000

57 medium 
000030100
030608905
000071002
020580400
040703020
006049030
800160000
103802060
004090000

58 hard 
200040083
000005060
001098000
130000800
060030040
009000057
000680700
020900000
810070009

59 hard 
000400098
600000070
300080600
501040000
030795080
000010205
007050002
050000009
240006000

60 evil 
008070100
000000020
500400800
090008504
000104000
803500060
007003009
030000000
001020600

61 easy 
000106000
109348020
076000800
502069103
900000002
807230904
001000290
090783406
000901000

62 easy 
200300001
081002060
639004000
805070004
002010500
700040806
000500628
090800140
500001003

63 medium 
700000900
000980030
043056700
500100870
600000001
071005003
002530680
010024000
006000002

64 medium 
003051080
084200500
000070400
008007002
070000030
500100700
001060000
007003860
040820900

65 hard 
407080000
000900810
010064700
000008203
040000070
602300000
005710060
086005000
000030109

66 hard 
000000000
420000035
000071600
040080502
002010700
806020090
001360000
350000026
000000000

67 easy 
068900305
010060004
402073000
270100000
009406200
000007063
000310908
300020070
104008630

68 easy 
018900206
050010004
407032000
730500000
009401700
000003012
000250908
200070030
504008120

69 easy 
201005360
800060040
000170908
000004079
009608500
160700000
305041000
070090001
016300804

70 easy 
013025090
000096300
009000002
036004078
980702031
120600450
300000700
005240000
060370920

71 medium 
010830200
800960000
530000900
000000473
600000009
394000000
002000086
000087002
005023090

72 medium 
900000000
037000040
000142090
002400009
800050003
600001400
070298000
080000750
000000002

73 medium 
400081000
060000130
050300000
007200400
001060300
004003200
000004050
075000080
000970001

74 medium 
300000000
061000080
000287030
007800003
900040006
500002800
010739000
090000140
000000007

75 hard 
306000000
000005003
002004608
540600000
008090700
000002036
104200900
800700000
000000807

76 hard 
801000000
000008001
007005903
260500000
008070100
000002094
102900500
600400000
000000206

77 hard 
700300150
000200000
604050200
000600480
000090000
032004000
006080905
000007000
075006008

78 hard 
030000040
600700300
090001800
700010030
306020507
040080002
009400010
002008003
060000050ÿ